`FTSE.close` <-
c(4081.3, 4034.6, 4015.6, 4085, 4029.4, 4053.1, 4091.6, 4116, 
4096.5, 4094.9, 4190, 4175.2, 4122.2, 4071, 4144.2, 4185.4, 4169.4, 
4154.3, 4075.4, 4048.6, 4032.4, 4013.5, 3933.9, 3925, 3974.9, 
3935.3, 3878.1, 3984, 3908.7, 3835.2, 3841.4, 3889.9, 3936.9, 
3942.1, 3829.4, 3900.6, 3940.4, 4009.5, 4004.9, 4001.4, 3957.4, 
3924.8, 3934, 3974.1, 3948.3, 3945.6, 3887.8, 3881.8, 3820.6, 
3778.6, 3736.7, 3678, 3622.2, 3603.7, 3480.8, 3490, 3483.8, 3578.7, 
3567.4, 3689.4, 3590.1, 3678.7, 3597, 3599.2, 3579.1, 3669.2, 
3616.1, 3610.8, 3611.9, 3692.4, 3729.5, 3658.3, 3687.2, 3727.1, 
3701.8, 3621.5, 3593.3, 3569.9, 3655.6, 3684.7, 3625.3, 3563.5, 
3555.4, 3491.6, 3436, 3452.7, 3287, 3486.9, 3601.8, 3722.3, 3747.3, 
3765.4, 3765.7, 3861.1, 3743.3, 3762, 3793.1, 3729.1, 3708.5, 
3613.3, 3684.8, 3753.4, 3771.1, 3814.4, 3935.8, 3868.8, 3861.4, 
3803.3, 3808.1, 3849.4, 3916.8, 3854.9, 3889.2, 3917.7, 3966.5, 
3899, 3870.2, 3940.3, 3927.8, 3926, 3880.1, 3952.6, 4006.4, 3992.9, 
3928.9, 3969.4, 3987.4, 3999.9, 3975, 4011.1, 4049, 3941.3, 3971.6, 
3936.4, 3990.4, 3979.8, 3992.4, 4071.9, 4083.6, 4048.1, 4129.3, 
4115.7, 4126.6, 4104.3, 4150.8, 4129.1, 4113, 4150.1, 4161.3, 
4134.1, 4152.9, 4190.4, 4207, 4131.5, 4160.1, 4087.9, 4060.9, 
4067.9, 4041.7, 4067.8, 4031.2, 3963.9, 4006.9, 4024.8, 4021.5, 
4074.8, 4073.6, 4054.7, 4028.8, 4058.1, 4127.6, 4102.5, 4077.1, 
4056.6, 4073.2, 4044.3, 4079.7, 4086.5, 4149.6, 4131.2, 4148.8, 
4137, 4141.2, 4157, 4098.4, 4100.1, 4121, 4070.4, 4095.6, 4147.8, 
4176.7, 4185.6, 4180.7, 4237.8, 4247.3, 4272.1, 4250.8, 4217.4, 
4223.5, 4225.9, 4177.4, 4206.4, 4198, 4161.1, 4204.4, 4204.4, 
4262.1, 4248.8, 4257.2, 4292.1, 4263.9, 4252.1, 4242.2, 4237.8, 
4260.9, 4299, 4293, 4314.7, 4257, 4228.2, 4221.7, 4236.4, 4202.2, 
4157.1, 4142.7, 4091.3, 4169.2, 4209.1, 4274, 4270.1, 4272, 4268.6, 
4313.9, 4311, 4362.3, 4334.1, 4368.8, 4339.7, 4344, 4347.5, 4352.3, 
4285.6, 4240.2, 4239, 4251.3, 4272.9, 4265.7, 4300.9, 4287.6, 
4332.6, 4330.3, 4303.4, 4324.2, 4376.9, 4341.8, 4345.1, 4371.2, 
4373, 4397, 4338.9, 4354.7, 4327.4, 4308, 4319, 4382.4, 4388.7, 
4370.3, 4361.1, 4342.6, 4410, 4378.9, 4392, 4378.2, 4367, 4359.8, 
4379.6, 4335.4, 4331.3, 4347.6, 4348, 4333, 4354.2, 4397.3, 4412.3, 
4424, 4440.9, 4444.7, 4457.5, 4470.4, 4476.9, 4510.2, 4513.3, 
4505.2, 4473, 4494.2, 4466.3, 4449.6, 4440.1, 4461.4, 4456.1, 
4487.9, 4518.1, 4499.3, 4511.2, 4476.8, 4460.8, 4445.5, 4447, 
4468.1, 4411.5, 4390.7, 4381.4, 4390.6, 4398.5, 4384.4, 4402.7, 
4434.4, 4404.9, 4396, 4377.7, 4412, 4408.1, 4461.5, 4442.9, 4515.6, 
4515, 4524.3, 4496.8, 4507.5, 4515.9, 4492.2, 4537, 4540.1, 4525.1, 
4559.1, 4547.1, 4553.8, 4542, 4545.3, 4445.2, 4467.4, 4412.9, 
4428.9, 4456.8, 4397.9, 4417.7, 4333.8, 4318.5, 4309.4, 4373.6, 
4357.5, 4406.7, 4412.8, 4385.7, 4410.7, 4465.6, 4480.7, 4472.8, 
4468.7, 4489.7, 4515.8, 4485.4, 4505.5, 4537.3, 4546.2, 4569, 
4539.9, 4571.8, 4570, 4571.8, 4575.7, 4524.5, 4519.5, 4489.7, 
4547.2, 4569.5, 4516.2, 4498.4, 4395.2, 4454.7, 4412.9, 4453.8, 
4441.8, 4403, 4414.4, 4471.8, 4428.7, 4431.4, 4428.9, 4418, 4438.3, 
4453.6, 4430.7, 4422.7, 4422.8, 4435.4, 4454.4, 4491.6, 4504.8, 
4489.5, 4486.1, 4484, 4433.2, 4458.6, 4491.1, 4493.3, 4505.8, 
4502.2, 4468.5, 4486.7, 4503.2, 4494.1, 4518.7, 4512.4, 4464.1, 
4424.7, 4407.4, 4403.3, 4370.7, 4358.4, 4381.1, 4393.2, 4360, 
4357.7, 4372.6, 4340.7, 4339.2, 4321.1, 4339.4, 4377.3, 4306.3, 
4326.3, 4287, 4324.9, 4356.2, 4418.7, 4413.1, 4415.7, 4429.7, 
4408.1, 4413.4, 4337.9, 4314.4, 4350.9, 4312.2, 4328.1, 4301.5, 
4350.2, 4358.7, 4355.2, 4362.6, 4369.2, 4405.3, 4407.5, 4411.6, 
4453.9, 4490.1, 4459.3, 4502, 4518.6, 4550.8, 4563.8, 4565.6, 
4558.4, 4538, 4545, 4558.5, 4545.6, 4548.4, 4556.5, 4591, 4579.5, 
4608.4, 4592.3, 4568.3, 4578.1, 4541.2, 4567.3, 4588.1, 4570.8, 
4659.6, 4681.8, 4707.1, 4706.3, 4698.7, 4698.9, 4685.5, 4647.9, 
4634.8, 4629.4, 4622.7, 4626.6, 4655.2, 4616.4, 4617.4, 4615.4, 
4564.5, 4583.4, 4630.1, 4642.8, 4624.2, 4673.8, 4693.2, 4718.5, 
4728.3, 4739.8, 4716.6, 4717.7, 4734.5, 4776.9, 4793.9, 4803.1, 
4770.4, 4795.9, 4805.3, 4760.8, 4733.1, 4742.4, 4719.4, 4753.4, 
4741.5, 4749.8, 4703.2, 4735.7, 4751.2, 4747.9, 4722.8, 4728.7, 
4703.9, 4688.4, 4694, 4736.8, 4722.8, 4728.2, 4735.2, 4696.8, 
4731.1, 4733, 4777.4, 4787.7, 4798.1, 4819.8, 4820.1, 4814.3, 
4847, 4806, 4824.3, 4854.1, 4840.7, 4818.7, 4783.6, 4800.3, 4820.8, 
4846.7, 4823.9, 4818.3, 4800.8, 4803.3, 4812.5, 4843.2, 4847.1, 
4853.4, 4832.8, 4852.3, 4906.2, 4916.2, 4908.3, 4941.5, 4979.8, 
4995.5, 4990.4, 5000, 5044.2, 5041.8, 5058.9, 5053.2, 5057.4, 
5057.2, 5060.8, 5032.9, 4988.5, 4972.1, 5006.8, 4968.5, 5000.5, 
4992.8, 5014.8, 5036.3, 5027.2, 5010.9, 4996.1, 4962.1, 4982, 
4975, 5000.2, 4937.6, 4922.1, 4923.3, 4933.5, 4937.3, 4910.4, 
4922.5, 4919, 4900.7, 4894.4, 4914, 4896.7, 4942.9, 4947.4, 4977, 
4983.6, 4973.2, 4946.2, 4960.8, 4945.4, 4891.6, 4827.1, 4855.6, 
4822, 4819.6, 4849.3, 4864.9, 4845.5, 4789.4, 4790.2, 4801.7, 
4861.2, 4882.5, 4902.3, 4918.9, 4910.3, 4892.4, 4875.4, 4893.2, 
4886.5, 4884.2, 4898.5, 4949.4, 4962.7, 4971.8, 4989.8, 4982.5, 
4971.5, 4994.9, 4986.3, 4964, 5011, 5005, 4999.4, 4980.4, 5025.2, 
5003.7, 5009.2, 5030.4, 5050.4, 5046.8, 5019.5, 5045, 5077.6, 
5072, 5082.1, 5099.3, 5114.4, 5079, 5043.5, 5090.4, 5109.1, 5113.2, 
5161, 5184.3, 5190.1, 5229.6, 5158.3, 5232.2, 5242.4, 5217.2, 
5245.9, 5259.7, 5230.8, 5214.2, 5201.5, 5215.2, 5221.6, 5241.8, 
5270.7, 5256.2, 5263.6, 5270.3, 5282.3, 5290.8, 5327.5, 5332.3, 
5315.5, 5314.7, 5344.3, 5363.7, 5377.5, 5358.6, 5345.8, 5344.2, 
5322.3, 5292.7, 5269.3, 5312.6, 5318.4, 5300.2, 5275.2, 5255.7, 
5228.1, 5255.8, 5296.9, 5328.5, 5326.8, 5337.8, 5359.2, 5365.9, 
5340.8, 5359.3, 5375.1, 5338, 5347.4, 5383.5, 5407.9, 5429.7, 
5416.4, 5369.7, 5385.7, 5413.6, 5453.1, 5447.3, 5494.8, 5478.2, 
5477.7, 5501.5, 5494.4, 5427.8, 5372.4, 5362.3, 5374.5, 5380.7, 
5342.2, 5265.2, 5275, 5286.5, 5263.9, 5167.8, 5164.1, 5142.1, 
5207.6, 5182.1, 5227.8, 5182.8, 5213.4, 5317.3, 5344.3, 5358.6, 
5431.9, 5423.6, 5460.8, 5460.9, 5439.8, 5423.5, 5465.1, 5470, 
5439.6, 5430, 5460, 5498.9, 5497.9, 5517.2, 5531.7, 5511, 5523.8, 
5477.4, 5491, 5423.2, 5486.1, 5528.1, 5510.4, 5538.8, 5528.8, 
5531.1, 5517.4, 5501.5, 5507.2, 5521.1, 5495.3, 5531.6, 5539.8, 
5547.9, 5587.4, 5597, 5595.4, 5622.8, 5638.3, 5618.8, 5681.5, 
5714.6, 5691.2, 5731.8, 5731.5, 5688.8, 5731.5, 5735.1, 5711, 
5740.2, 5699, 5663.7, 5693.2, 5672.4, 5660.9, 5633.8, 5704.4, 
5722.6, 5786.8, 5779.8, 5760.3, 5801.6, 5747.3, 5759.3, 5772.4, 
5746.8, 5725.1, 5808.7, 5764.1, 5793.5, 5792.3, 5791.5, 5828.9, 
5846.2, 5863, 5857.7, 5872.4, 5836, 5860.5, 5875.9, 5791.5, 5844.1, 
5833, 5858.7, 5897.8, 5857.4, 5812.9, 5855.9, 5907.9, 5952.8, 
5950.6, 5965.1, 5993.2, 5999.4, 5991.7, 5991.3, 6007.5, 5990.1, 
6036.3, 5972.2, 5935.7, 5959.2, 6015.2, 5964.6, 6024.3, 6004.7, 
6044.1, 6045.7, 6026.1, 6067, 6016.5, 6000.8, 6029.4, 6044.1, 
6089.8, 6081.4, 6132.7, 6098.7, 6086.6, 6104.3, 6060, 6023.1, 
6082.1, 6010, 6036.9, 6091.7, 6067.1, 6105.6, 6083.4, 6042, 5912.1, 
5841.3, 5846.2, 5675.5, 5671.6, 5657.4, 5532.7, 5678.7, 5587.1, 
5677.7, 5791, 5652, 5723.8, 5749.7, 5764.6, 5762.1, 5669.8, 5706.3, 
5562.9, 5655.2, 5620.9, 5519.6, 5506.8, 5619.3, 5597.4, 5626.1, 
5658.2, 5665, 5684.1, 5692.1, 5681.2, 5652.3, 5678.6, 5791.5, 
5833.4, 5884.4, 5883.5, 5826.7, 5890, 5888.9, 5896.9, 5857.3, 
5860.6, 5765, 5707.6, 5701, 5681.7, 5778, 5770.9, 5719.7, 5833.9, 
5851.2, 5877.1, 5929.5, 5974.9, 5928.3, 5880.8, 5932.1, 5838.4, 
5889.4, 5828.8, 5818.1, 5860.5, 5823.4, 5820.1, 5870.9, 5897.9, 
5896.6, 5900.4, 5903.4, 5915.2, 5902.6, 5860, 5869.1, 5878.6, 
5888.3, 5929.3, 5906.1, 5949.1, 5986.6, 5981.7, 5929.3, 5858.1, 
5879.3, 5850.8, 5895.5, 5892.2, 5877.2, 5877, 5890.2, 5831.8, 
5866.2, 5896.7, 5822.3, 5798.3, 5873.6, 5930.1, 5971.3, 5960.8, 
5957.8, 5937.1, 5966.5, 6004.5, 6001.2, 6030.9, 6072.7, 6073.5, 
6121.3, 6157.3, 6172.4, 6108.6, 6150.4, 6156, 6155.2, 6166.1, 
